0.000000 2.000000 0.000000 3.000000 1.570796
0.100000 1.999980 0.012566 3.000000 1.583362
0.200000 1.999920 0.025133 3.000000 1.595929
0.300000 1.999820 0.037699 3.000000 1.608495
0.400000 1.999680 0.050265 3.000000 1.621061
0.500000 1.999500 0.062831 3.000000 1.633628
0.600000 1.999280 0.075397 3.000000 1.646194
0.700000 1.999020 0.087963 3.000000 1.658760
0.800000 1.998720 0.100529 3.000000 1.671327
0.900000 1.998380 0.113095 3.000000 1.683893
1.000000 1.998000 0.125660 3.000000 1.696460
1.100000 1.997580 0.138226 3.000000 1.709026
1.200000 1.997120 0.150791 3.000000 1.721592
1.300000 1.996620 0.163356 3.000000 1.734159
1.400000 1.996080 0.175921 3.000000 1.746725
1.500000 1.995500 0.188485 3.000000 1.759291
1.600000 1.994880 0.201049 3.000000 1.771858
1.700000 1.994220 0.213612 3.000000 1.784424
1.800000 1.993520 0.226175 3.000000 1.796990
1.900000 1.992780 0.238737 3.000000 1.809557
2.000000 1.992000 0.251327 3.000000 1.822123
2.100000 1.991180 0.263859 3.000000 1.834689
2.200000 1.990320 0.276419 3.000000 1.847256
2.300000 1.989420 0.288978 3.000000 1.859822
2.400000 1.988480 0.301536 3.000000 1.872388
2.500000 1.987500 0.314093 3.000000 1.884955
2.600000 1.986480 0.326649 3.000000 1.897521
2.700000 1.985420 0.339204 3.000000 1.910087
2.800000 1.984320 0.351757 3.000000 1.922654
2.900000 1.983180 0.364309 3.000000 1.935220
3.000000 1.982000 0.376860 3.000000 1.947787
3.100000 1.980780 0.389409 3.000000 1.960353
3.200000 1.979520 0.401956 3.000000 1.972919
3.300000 1.978220 0.414501 3.000000 1.985486
3.400000 1.976880 0.427045 3.000000 1.998052
3.500000 1.975500 0.439586 3.000000 2.010618
3.600000 1.974080 0.452126 3.000000 2.023185
3.700000 1.972620 0.464663 3.000000 2.035751
3.800000 1.971120 0.477198 3.000000 2.048317
3.900000 1.969580 0.489730 3.000000 2.060884
4.000000 1.968000 0.502260 3.000000 2.073450
4.100000 1.966380 0.514787 3.000000 2.086016
4.200000 1.964720 0.527311 3.000000 2.098583
4.300000 1.963020 0.539832 3.000000 2.111149
4.400000 1.961280 0.552350 3.000000 2.123715
4.500000 1.959500 0.564865 3.000000 2.136282
4.600000 1.957680 0.577376 3.000000 2.148848
4.700000 1.955820 0.589884 3.000000 2.161414
4.800000 1.953920 0.602388 3.000000 2.173981
4.900000 1.951980 0.614889 3.000000 2.186547
5.000000 1.950000 0.627386 3.000000 2.199114
5.100000 1.947980 0.639879 3.000000 2.211680
5.200000 1.945920 0.652368 3.000000 2.224246
5.300000 1.943820 0.664853 3.000000 2.236813
5.400000 1.941680 0.677334 3.000000 2.249379
5.500000 1.939500 0.689810 3.000000 2.261945
5.600000 1.937280 0.702281 3.000000 2.274512
5.700000 1.935020 0.714747 3.000000 2.287078
5.800000 1.932720 0.727208 3.000000 2.299644
5.900000 1.930380 0.739664 3.000000 2.312211
6.000000 1.928000 0.752115 3.000000 2.324777
6.100000 1.925580 0.764560 3.000000 2.337343
6.200000 1.923120 0.777000 3.000000 2.349910
6.300000 1.920620 0.789434 3.000000 2.362476
6.400000 1.918080 0.801862 3.000000 2.375042
6.500000 1.915500 0.814284 3.000000 2.387609
6.600000 1.912880 0.826699 3.000000 2.400175
6.700000 1.910220 0.839108 3.000000 2.412741
6.800000 1.907520 0.851510 3.000000 2.425308
6.900000 1.904780 0.863905 3.000000 2.437874
7.000000 1.902000 0.876293 3.000000 2.450440
7.100000 1.899180 0.888674 3.000000 2.463007
7.200000 1.896320 0.901047 3.000000 2.475573
7.300000 1.893420 0.913413 3.000000 2.488139
7.400000 1.890480 0.925771 3.000000 2.500706
7.500000 1.887500 0.938121 3.000000 2.513272
7.600000 1.884480 0.950463 3.000000 2.525838
7.700000 1.881420 0.962796 3.000000 2.538405
7.800000 1.878320 0.975121 3.000000 2.550971
7.900000 1.875180 0.987437 3.000000 2.563537
8.000000 1.872000 0.999744 3.000000 2.576104
8.100000 1.868780 1.012042 3.000000 2.588670
8.200000 1.865520 1.024331 3.000000 2.601236
8.300000 1.862220 1.036610 3.000000 2.613803
8.400000 1.858880 1.048879 3.000000 2.626369
8.500000 1.855500 1.061138 3.000000 2.638935
8.600000 1.852080 1.073387 3.000000 2.651502
8.700000 1.848620 1.085626 3.000000 2.664068
8.800000 1.845120 1.097854 3.000000 2.676634
8.900000 1.841580 1.110072 3.000000 2.689201
9.000000 1.838000 1.122279 3.000000 2.701767
9.100000 1.834380 1.134475 3.000000 2.714333
9.200000 1.830720 1.146659 3.000000 2.726900
9.300000 1.827020 1.158832 3.000000 2.739466
9.400000 1.823280 1.170994 3.000000 2.752032
9.500000 1.819500 1.183143 3.000000 2.764599
9.600000 1.815680 1.195280 3.000000 2.777165
9.700000 1.811820 1.207405 3.000000 2.789731
9.800000 1.807920 1.219518 3.000000 2.802298
9.900000 1.803980 1.231618 3.000000 2.814864
10.000000 1.800000 1.243705 3.000000 2.827431
10.100000 1.795980 1.255779 3.000000 2.839997
10.200000 1.791920 1.267839 3.000000 2.852563
10.300000 1.787820 1.279886 3.000000 2.865130
10.400000 1.783680 1.291920 3.000000 2.877696
10.500000 1.779500 1.303939 3.000000 2.890262
10.600000 1.775280 1.315944 3.000000 2.902829
10.700000 1.771020 1.327935 3.000000 2.915395
10.800000 1.766720 1.339911 3.000000 2.927961
10.900000 1.762380 1.351872 3.000000 2.940528
11.000000 1.758000 1.363818 3.000000 2.953094
11.100000 1.753580 1.375749 3.000000 2.965660
11.200000 1.749120 1.387665 3.000000 2.978227
11.300000 1.744620 1.399565 3.000000 2.990793
11.400000 1.740080 1.411449 3.000000 3.003359
11.500000 1.735500 1.423317 3.000000 3.015926
11.600000 1.730880 1.435169 3.000000 3.028492
11.700000 1.726220 1.447004 3.000000 3.041058
11.800000 1.721520 1.458823 3.000000 3.053625
11.900000 1.716780 1.470625 3.000000 3.066191
12.000000 1.712000 1.482410 3.000000 3.078757
12.100000 1.707180 1.494177 3.000000 3.091324
12.200000 1.702320 1.505927 3.000000 3.103890
12.300000 1.697420 1.517659 3.000000 3.116456
12.400000 1.692480 1.529373 3.000000 3.129023
12.500000 1.687500 1.541069 3.000000 3.141589
12.600000 1.682480 1.552746 3.000000 3.154155
12.700000 1.677420 1.564405 3.000000 3.166722
12.800000 1.672320 1.576045 3.000000 3.179288
12.900000 1.667180 1.587666 3.000000 3.191854
13.000000 1.662000 1.599267 3.000000 3.204421
13.100000 1.656780 1.610849 3.000000 3.216987
13.200000 1.651520 1.622411 3.000000 3.229553
13.300000 1.646220 1.633953 3.000000 3.242120
13.400000 1.640880 1.645475 3.000000 3.254686
13.500000 1.635500 1.656976 3.000000 3.267252
13.600000 1.630080 1.668457 3.000000 3.279819
13.700000 1.624620 1.679917 3.000000 3.292385
13.800000 1.619120 1.691356 3.000000 3.304951
13.900000 1.613580 1.702773 3.000000 3.317518
14.000000 1.608000 1.714169 3.000000 3.330084
14.100000 1.602380 1.725543 3.000000 3.342650
14.200000 1.596720 1.736895 3.000000 3.355217
14.300000 1.591020 1.748224 3.000000 3.367783
14.400000 1.585280 1.759531 3.000000 3.380349
14.500000 1.579500 1.770815 3.000000 3.392916
14.600000 1.573680 1.782076 3.000000 3.405482
14.700000 1.567820 1.793314 3.000000 3.418048
14.800000 1.561920 1.804528 3.000000 3.430615
14.900000 1.555980 1.815718 3.000000 3.443181
15.000000 1.550000 1.826884 3.000000 3.455748
15.100000 1.543980 1.838026 3.000000 3.468314
15.200000 1.537920 1.849144 3.000000 3.480880
15.300000 1.531820 1.860236 3.000000 3.493447
15.400000 1.525680 1.871304 3.000000 3.506013
15.500000 1.519500 1.882346 3.000000 3.518579
15.600000 1.513280 1.893363 3.000000 3.531146
15.700000 1.507020 1.904354 3.000000 3.543712
15.800000 1.500720 1.915319 3.000000 3.556278
15.900000 1.494380 1.926258 3.000000 3.568845
16.000000 1.488000 1.937170 3.000000 3.581411
16.100000 1.481580 1.948056 3.000000 3.593977
16.200000 1.475120 1.958915 3.000000 3.606544
16.300000 1.468620 1.969747 3.000000 3.619110
16.400000 1.462080 1.980551 3.000000 3.631676
16.500000 1.455500 1.991328 3.000000 3.644243
16.600000 1.448880 2.002077 3.000000 3.656809
16.700000 1.442220 2.012798 3.000000 3.669375
16.800000 1.435520 2.023491 3.000000 3.681942
16.900000 1.428780 2.034155 3.000000 3.694508
17.000000 1.422000 2.044791 3.000000 3.707074
17.100000 1.415180 2.055398 3.000000 3.719641
17.200000 1.408320 2.065975 3.000000 3.732207
17.300000 1.401420 2.076523 3.000000 3.744773
17.400000 1.394480 2.087041 3.000000 3.757340
17.500000 1.387500 2.097529 3.000000 3.769906
17.600000 1.380480 2.107987 3.000000 3.782472
17.700000 1.373420 2.118414 3.000000 3.795039
17.800000 1.366320 2.128811 3.000000 3.807605
17.900000 1.359180 2.139177 3.000000 3.820171
18.000000 1.352000 2.149511 3.000000 3.832738
18.100000 1.344780 2.159814 3.000000 3.845304
18.200000 1.337520 2.170086 3.000000 3.857870
18.300000 1.330220 2.180325 3.000000 3.870437
18.400000 1.322880 2.190532 3.000000 3.883003
18.500000 1.315500 2.200707 3.000000 3.895569
18.600000 1.308080 2.210849 3.000000 3.908136
18.700000 1.300620 2.220958 3.000000 3.920702
18.800000 1.293120 2.231034 3.000000 3.933268
18.900000 1.285580 2.241077 3.000000 3.945835
19.000000 1.278000 2.251086 3.000000 3.958401
19.100000 1.270380 2.261062 3.000000 3.970967
19.200000 1.262720 2.271003 3.000000 3.983534
19.300000 1.255020 2.280910 3.000000 3.996100
19.400000 1.247280 2.290783 3.000000 4.008666
19.500000 1.239500 2.300621 3.000000 4.021233
19.600000 1.231680 2.310424 3.000000 4.033799
19.700000 1.223820 2.320192 3.000000 4.046365
19.800000 1.215920 2.329925 3.000000 4.058932
19.900000 1.207980 2.339622 3.000000 4.071498
20.000000 1.200000 2.349283 3.000000 4.084065
20.100000 1.191980 2.358909 3.000000 4.096631
20.200000 1.183920 2.368498 3.000000 4.109197
20.300000 1.175820 2.378051 3.000000 4.121764
20.400000 1.167680 2.387567 3.000000 4.134330
20.500000 1.159500 2.397046 3.000000 4.146896
20.600000 1.151280 2.406488 3.000000 4.159463
20.700000 1.143020 2.415893 3.000000 4.172029
20.800000 1.134720 2.425260 3.000000 4.184595
20.900000 1.126380 2.434589 3.000000 4.197162
21.000000 1.118000 2.443880 3.000000 4.209728
21.100000 1.109580 2.453133 3.000000 4.222294
21.200000 1.101120 2.462348 3.000000 4.234861
21.300000 1.092620 2.471524 3.000000 4.247427
21.400000 1.084080 2.480661 3.000000 4.259993
21.500000 1.075500 2.489759 3.000000 4.272560
21.600000 1.066880 2.498817 3.000000 4.285126
21.700000 1.058220 2.507836 3.000000 4.297692
21.800000 1.049520 2.516815 3.000000 4.310259
21.900000 1.040780 2.525754 3.000000 4.322825
22.000000 1.032000 2.534653 3.000000 4.335391
22.100000 1.023180 2.543511 3.000000 4.347958
22.200000 1.014320 2.552329 3.000000 4.360524
22.300000 1.005420 2.561106 3.000000 4.373090
22.400000 0.996480 2.569841 3.000000 4.385657
22.500000 0.987500 2.578535 3.000000 4.398223
22.600000 0.978480 2.587188 3.000000 4.410789
22.700000 0.969420 2.595799 3.000000 4.423356
22.800000 0.960320 2.604368 3.000000 4.435922
22.900000 0.951180 2.612894 3.000000 4.448488
23.000000 0.942000 2.621378 3.000000 4.461055
23.100000 0.932780 2.629820 3.000000 4.473621
23.200000 0.923520 2.638218 3.000000 4.486187
23.300000 0.914220 2.646573 3.000000 4.498754
23.400000 0.904880 2.654885 3.000000 4.511320
23.500000 0.895500 2.663153 3.000000 4.523886
23.600000 0.886080 2.671377 3.000000 4.536453
23.700000 0.876620 2.679557 3.000000 4.549019
23.800000 0.867120 2.687693 3.000000 4.561585
23.900000 0.857580 2.695784 3.000000 4.574152
24.000000 0.848000 2.703831 3.000000 4.586718
24.100000 0.838380 2.711833 3.000000 4.599284
24.200000 0.828720 2.719789 3.000000 4.611851
24.300000 0.819020 2.727700 3.000000 4.624417
24.400000 0.809280 2.735566 3.000000 4.636983
24.500000 0.799500 2.743386 3.000000 4.649550
24.600000 0.789680 2.751160 3.000000 4.662116
24.700000 0.779820 2.758888 3.000000 4.674682
24.800000 0.769920 2.766569 3.000000 4.687249
24.900000 0.759980 2.774204 3.000000 4.699815
25.000000 0.750000 2.781792 3.000000 4.712381
25.100000 0.739980 2.789333 3.000000 4.724948
25.200000 0.729920 2.796827 3.000000 4.737514
25.300000 0.719820 2.804273 3.000000 4.750080
25.400000 0.709680 2.811672 3.000000 4.762647
25.500000 0.699500 2.819022 3.000000 4.775213
25.600000 0.689280 2.826325 3.000000 4.787779
25.700000 0.679020 2.833580 3.000000 4.800346
25.800000 0.668720 2.840786 3.000000 4.812912
25.900000 0.658380 2.847944 3.000000 4.825478
26.000000 0.648000 2.855052 3.000000 4.838045
26.100000 0.637580 2.862112 3.000000 4.850611
26.200000 0.627120 2.869122 3.000000 4.863177
26.300000 0.616620 2.876083 3.000000 4.875744
26.400000 0.606080 2.882994 3.000000 4.888310
26.500000 0.595500 2.889855 3.000000 4.900876
26.600000 0.584880 2.896666 3.000000 4.913443
26.700000 0.574220 2.903426 3.000000 4.926009
26.800000 0.563520 2.910136 3.000000 4.938575
26.900000 0.552780 2.916795 3.000000 4.951142
27.000000 0.542000 2.923403 3.000000 4.963708
27.100000 0.531180 2.929960 3.000000 4.976274
27.200000 0.520320 2.936465 3.000000 4.988841
27.300000 0.509420 2.942919 3.000000 5.001407
27.400000 0.498480 2.949321 3.000000 5.013973
27.500000 0.487500 2.955671 3.000000 5.026540
27.600000 0.476480 2.961969 3.000000 5.039106
27.700000 0.465420 2.968214 3.000000 5.051672
27.800000 0.454320 2.974407 3.000000 5.064239
27.900000 0.443180 2.980547 3.000000 5.076805
28.000000 0.432000 2.986634 3.000000 5.089371
28.100000 0.420780 2.992668 3.000000 5.101938
28.200000 0.409520 2.998649 3.000000 5.114504
28.300000 0.398220 3.004576 3.000000 5.127070
28.400000 0.386880 3.010450 3.000000 5.139637
28.500000 0.375500 3.016270 3.000000 5.152203
28.600000 0.364080 3.022036 3.000000 5.164769
28.700000 0.352620 3.027748 3.000000 5.177336
28.800000 0.341120 3.033405 3.000000 5.189902
28.900000 0.329580 3.039008 3.000000 5.202468
29.000000 0.318000 3.044557 3.000000 5.215035
29.100000 0.306380 3.050051 3.000000 5.227601
29.200000 0.294720 3.055489 3.000000 5.240167
29.300000 0.283020 3.060873 3.000000 5.252734
29.400000 0.271280 3.066201 3.000000 5.265300
29.500000 0.259500 3.071474 3.000000 5.277866
29.600000 0.247680 3.076691 3.000000 5.290433
29.700000 0.235820 3.081852 3.000000 5.302999
29.800000 0.223920 3.086957 3.000000 5.315565
29.900000 0.211980 3.092006 3.000000 5.328132
30.000000 0.200000 3.096999 3.000000 5.340698
30.100000 0.187980 3.101935 3.000000 5.353264
30.200000 0.175920 3.106814 3.000000 5.365831
30.300000 0.163820 3.111637 3.000000 5.378397
30.400000 0.151680 3.116402 3.000000 5.390963
30.500000 0.139500 3.121110 3.000000 5.403530
30.600000 0.127280 3.125761 3.000000 5.416096
30.700000 0.115020 3.130354 3.000000 5.428662
30.800000 0.102720 3.134889 3.000000 5.441229
30.900000 0.090380 3.139367 3.000000 5.453795
31.000000 0.078000 3.143786 3.000000 5.466361
31.100000 0.065580 3.148147 3.000000 5.478928
31.200000 0.053120 3.152449 3.000000 5.491494
31.300000 0.040620 3.156693 3.000000 5.504060
31.400000 0.028080 3.160878 3.000000 5.516627
31.500000 0.015500 3.165004 3.000000 5.529193
31.600000 0.002880 3.169071 3.000000 5.541759
31.700000 -0.009780 3.173078 3.000000 5.554326
31.800000 -0.022480 3.177026 3.000000 5.566892
31.900000 -0.035220 3.180914 3.000000 5.579458
32.000000 -0.048000 3.184743 3.000000 5.592025
32.100000 -0.060820 3.188511 3.000000 5.604591
32.200000 -0.073680 3.192219 3.000000 5.617157
32.300000 -0.086580 3.195867 3.000000 5.629724
32.400000 -0.099520 3.199455 3.000000 5.642290
32.500000 -0.112500 3.202982 3.000000 5.654856
32.600000 -0.125520 3.206448 3.000000 5.667423
32.700000 -0.138580 3.209853 3.000000 5.679989
32.800000 -0.151680 3.213197 3.000000 5.692555
32.900000 -0.164820 3.216480 3.000000 5.705122
33.000000 -0.178000 3.219701 3.000000 5.717688
33.100000 -0.191220 3.222861 3.000000 5.730254
33.200000 -0.204480 3.225959 3.000000 5.742821
33.300000 -0.217780 3.228995 3.000000 5.755387
33.400000 -0.231120 3.231969 3.000000 5.767953
33.500000 -0.244500 3.234881 3.000000 5.780520
33.600000 -0.257920 3.237731 3.000000 5.793086
33.700000 -0.271380 3.240518 3.000000 5.805652
33.800000 -0.284880 3.243242 3.000000 5.818219
33.900000 -0.298420 3.245904 3.000000 5.830785
34.000000 -0.312000 3.248503 3.000000 5.843351
34.100000 -0.325620 3.251039 3.000000 5.855918
34.200000 -0.339280 3.253512 3.000000 5.868484
34.300000 -0.352980 3.255921 3.000000 5.881050
34.400000 -0.366720 3.258267 3.000000 5.893617
34.500000 -0.380500 3.260550 3.000000 5.906183
34.600000 -0.394320 3.262769 3.000000 5.918749
34.700000 -0.408180 3.264924 3.000000 5.931316
34.800000 -0.422080 3.267015 3.000000 5.943882
34.900000 -0.436020 3.269042 3.000000 5.956448
35.000000 -0.450000 3.271005 3.000000 5.969015
35.100000 -0.464020 3.272904 3.000000 5.981581
35.200000 -0.478080 3.274738 3.000000 5.994147
35.300000 -0.492180 3.276508 3.000000 6.006714
35.400000 -0.506320 3.278213 3.000000 6.019280
35.500000 -0.520500 3.279853 3.000000 6.031846
35.600000 -0.534720 3.281428 3.000000 6.044413
35.700000 -0.548980 3.282938 3.000000 6.056979
35.800000 -0.563280 3.284383 3.000000 6.069545
35.900000 -0.577620 3.285763 3.000000 6.082112
36.000000 -0.592000 3.287077 3.000000 6.094678
36.100000 -0.606420 3.288326 3.000000 6.107244
36.200000 -0.620880 3.289509 3.000000 6.119811
36.300000 -0.635380 3.290626 3.000000 6.132377
36.400000 -0.649920 3.291677 3.000000 6.144943
36.500000 -0.664500 3.292663 3.000000 6.157510
36.600000 -0.679120 3.293582 3.000000 6.170076
36.700000 -0.693780 3.294435 3.000000 6.182642
36.800000 -0.708480 3.295222 3.000000 6.195209
36.900000 -0.723220 3.295943 3.000000 6.207775
37.000000 -0.738000 3.296597 3.000000 6.220341
37.100000 -0.752820 3.297185 3.000000 6.232908
37.200000 -0.767680 3.297706 3.000000 6.245474
37.300000 -0.782580 3.298160 3.000000 6.258040
37.400000 -0.797520 3.298548 3.000000 6.270607
37.500000 -0.812500 3.298868 3.000000 6.283173
37.600000 -0.827520 3.299122 3.000000 6.295739
37.700000 -0.842580 3.299309 3.000000 6.308306
37.800000 -0.857680 3.299428 3.000000 6.320872
37.900000 -0.872820 3.299481 3.000000 6.333438
38.000000 -0.888000 3.299466 3.000000 6.346005
38.100000 -0.903220 3.299384 3.000000 6.358571
38.200000 -0.918480 3.299234 3.000000 6.371137
38.300000 -0.933780 3.299017 3.000000 6.383704
38.400000 -0.949120 3.298732 3.000000 6.396270
38.500000 -0.964500 3.298380 3.000000 6.408836
38.600000 -0.979920 3.297960 3.000000 6.421403
38.700000 -0.995380 3.297472 3.000000 6.433969
38.800000 -1.010880 3.296917 3.000000 6.446535
38.900000 -1.026420 3.296294 3.000000 6.459102
39.000000 -1.042000 3.295603 3.000000 6.471668
39.100000 -1.057620 3.294844 3.000000 6.484234
39.200000 -1.073280 3.294017 3.000000 6.496801
39.300000 -1.088980 3.293122 3.000000 6.509367
39.400000 -1.104720 3.292159 3.000000 6.521933
39.500000 -1.120500 3.291128 3.000000 6.534500
39.600000 -1.136320 3.290029 3.000000 6.547066
39.700000 -1.152180 3.288862 3.000000 6.559632
39.800000 -1.168080 3.287626 3.000000 6.572199
39.900000 -1.184020 3.286323 3.000000 6.584765
40.000000 -1.200000 3.284951 3.000000 6.597331
40.100000 -1.216020 3.283511 3.000000 6.609898
40.200000 -1.232080 3.282003 3.000000 6.622464
40.300000 -1.248180 3.280426 3.000000 6.635030
40.400000 -1.264320 3.278781 3.000000 6.647597
40.500000 -1.280500 3.277068 3.000000 6.660163
40.600000 -1.296720 3.275286 3.000000 6.672729
40.700000 -1.312980 3.273436 3.000000 6.685296
40.800000 -1.329280 3.271518 3.000000 6.697862
40.900000 -1.345620 3.269531 3.000000 6.710428
41.000000 -1.362000 3.267476 3.000000 6.722995
41.100000 -1.378420 3.265352 3.000000 6.735561
41.200000 -1.394880 3.263160 3.000000 6.748127
41.300000 -1.411380 3.260900 3.000000 6.760694
41.400000 -1.427920 3.258571 3.000000 6.773260
41.500000 -1.444500 3.256174 3.000000 6.785826
41.600000 -1.461120 3.253708 3.000000 6.798393
41.700000 -1.477780 3.251174 3.000000 6.810959
41.800000 -1.494480 3.248571 3.000000 6.823525
41.900000 -1.511220 3.245900 3.000000 6.836092
42.000000 -1.528000 3.243160 3.000000 6.848658
42.100000 -1.544820 3.240352 3.000000 6.861224
42.200000 -1.561680 3.237476 3.000000 6.873791
42.300000 -1.578580 3.234531 3.000000 6.886357
42.400000 -1.595520 3.231518 3.000000 6.898923
42.500000 -1.612500 3.228437 3.000000 6.911490
42.600000 -1.629520 3.225288 3.000000 6.924056
42.700000 -1.646580 3.222070 3.000000 6.936622
42.800000 -1.663680 3.218784 3.000000 6.949189
42.900000 -1.680820 3.215430 3.000000 6.961755
43.000000 -1.698000 3.212008 3.000000 6.974321
43.100000 -1.715220 3.208518 3.000000 6.986888
43.200000 -1.732480 3.204960 3.000000 6.999454
43.300000 -1.749780 3.201334 3.000000 7.012020
43.400000 -1.767120 3.197640 3.000000 7.024587
43.500000 -1.784500 3.193878 3.000000 7.037153
43.600000 -1.801920 3.190048 3.000000 7.049719
43.700000 -1.819380 3.186150 3.000000 7.062286
43.800000 -1.836880 3.182184 3.000000 7.074852
43.900000 -1.854420 3.178151 3.000000 7.087418
44.000000 -1.872000 3.174050 3.000000 7.099985
44.100000 -1.889620 3.169881 3.000000 7.112551
44.200000 -1.907280 3.165645 3.000000 7.125117
44.300000 -1.924980 3.161341 3.000000 7.137684
44.400000 -1.942720 3.156970 3.000000 7.150250
44.500000 -1.960500 3.152531 3.000000 7.162816
44.600000 -1.978320 3.148025 3.000000 7.175383
44.700000 -1.996180 3.143452 3.000000 7.187949
44.800000 -2.014080 3.138811 3.000000 7.200515
44.900000 -2.032020 3.134103 3.000000 7.213082
45.000000 -2.050000 3.129328 3.000000 7.225648
45.100000 -2.068020 3.124486 3.000000 7.238214
45.200000 -2.086080 3.119577 3.000000 7.250781
45.300000 -2.104180 3.114601 3.000000 7.263347
45.400000 -2.122320 3.109558 3.000000 7.275913
45.500000 -2.140500 3.104449 3.000000 7.288480
45.600000 -2.158720 3.099273 3.000000 7.301046
45.700000 -2.176980 3.094030 3.000000 7.313612
45.800000 -2.195280 3.088721 3.000000 7.326179
45.900000 -2.213620 3.083345 3.000000 7.338745
46.000000 -2.232000 3.077903 3.000000 7.351311
46.100000 -2.250420 3.072395 3.000000 7.363878
46.200000 -2.268880 3.066821 3.000000 7.376444
46.300000 -2.287380 3.061181 3.000000 7.389010
46.400000 -2.305920 3.055475 3.000000 7.401577
46.500000 -2.324500 3.049703 3.000000 7.414143
46.600000 -2.343120 3.043865 3.000000 7.426709
46.700000 -2.361780 3.037962 3.000000 7.439276
46.800000 -2.380480 3.031993 3.000000 7.451842
46.900000 -2.399220 3.025959 3.000000 7.464408
47.000000 -2.418000 3.019860 3.000000 7.476975
47.100000 -2.436820 3.013695 3.000000 7.489541
47.200000 -2.455680 3.007466 3.000000 7.502107
47.300000 -2.474580 3.001172 3.000000 7.514674
47.400000 -2.493520 2.994813 3.000000 7.527240
47.500000 -2.512500 2.988389 3.000000 7.539806
47.600000 -2.531520 2.981901 3.000000 7.552373
47.700000 -2.550580 2.975349 3.000000 7.564939
47.800000 -2.569680 2.968732 3.000000 7.577505
47.900000 -2.588820 2.962052 3.000000 7.590072
48.000000 -2.608000 2.955307 3.000000 7.602638
48.100000 -2.627220 2.948499 3.000000 7.615204
48.200000 -2.646480 2.941627 3.000000 7.627771
48.300000 -2.665780 2.934691 3.000000 7.640337
48.400000 -2.685120 2.927692 3.000000 7.652903
48.500000 -2.704500 2.920630 3.000000 7.665470
48.600000 -2.723920 2.913505 3.000000 7.678036
48.700000 -2.743380 2.906317 3.000000 7.690602
48.800000 -2.762880 2.899066 3.000000 7.703169
48.900000 -2.782420 2.891753 3.000000 7.715735
49.000000 -2.802000 2.884377 3.000000 7.728301
49.100000 -2.821620 2.876939 3.000000 7.740868
49.200000 -2.841280 2.869439 3.000000 7.753434
49.300000 -2.860980 2.861877 3.000000 7.766000
49.400000 -2.880720 2.854254 3.000000 7.778567
49.500000 -2.900500 2.846569 3.000000 7.791133
49.600000 -2.920320 2.838823 3.000000 7.803699
49.700000 -2.940180 2.831015 3.000000 7.816266
49.800000 -2.960080 2.823147 3.000000 7.828832
49.900000 -2.980020 2.815218 3.000000 7.841398
50.000000 -3.000000 2.807229 3.000000 7.853965
50.100000 -3.020020 2.799179 3.000000 7.866531
50.200000 -3.040080 2.791069 3.000000 7.879097
50.300000 -3.060180 2.782899 3.000000 7.891664
50.400000 -3.080320 2.774669 3.000000 7.904230
50.500000 -3.100500 2.766380 3.000000 7.916796
50.600000 -3.120720 2.758031 3.000000 7.929363
50.700000 -3.140980 2.749624 3.000000 7.941929
50.800000 -3.161280 2.741157 3.000000 7.954495
50.900000 -3.181620 2.732632 3.000000 7.967062
51.000000 -3.202000 2.724049 3.000000 7.979628
51.100000 -3.222420 2.715407 3.000000 7.992194
51.200000 -3.242880 2.706708 3.000000 8.004761
51.300000 -3.263380 2.697951 3.000000 8.017327
51.400000 -3.283920 2.689136 3.000000 8.029893
51.500000 -3.304500 2.680264 3.000000 8.042460
51.600000 -3.325120 2.671335 3.000000 8.055026
51.700000 -3.345780 2.662349 3.000000 8.067592
51.800000 -3.366480 2.653307 3.000000 8.080159
51.900000 -3.387220 2.644208 3.000000 8.092725
52.000000 -3.408000 2.635053 3.000000 8.105291
52.100000 -3.428820 2.625842 3.000000 8.117858
52.200000 -3.449680 2.616575 3.000000 8.130424
52.300000 -3.470580 2.607253 3.000000 8.142990
52.400000 -3.491520 2.597875 3.000000 8.155557
52.500000 -3.512500 2.588443 3.000000 8.168123
52.600000 -3.533520 2.578956 3.000000 8.180689
52.700000 -3.554580 2.569414 3.000000 8.193256
52.800000 -3.575680 2.559818 3.000000 8.205822
52.900000 -3.596820 2.550168 3.000000 8.218388
53.000000 -3.618000 2.540465 3.000000 8.230955
53.100000 -3.639220 2.530708 3.000000 8.243521
53.200000 -3.660480 2.520898 3.000000 8.256087
53.300000 -3.681780 2.511035 3.000000 8.268654
53.400000 -3.703120 2.501119 3.000000 8.281220
53.500000 -3.724500 2.491151 3.000000 8.293786
53.600000 -3.745920 2.481131 3.000000 8.306353
53.700000 -3.767380 2.471059 3.000000 8.318919
53.800000 -3.788880 2.460936 3.000000 8.331485
53.900000 -3.810420 2.450761 3.000000 8.344052
54.000000 -3.832000 2.440536 3.000000 8.356618
54.100000 -3.853620 2.430260 3.000000 8.369184
54.200000 -3.875280 2.419934 3.000000 8.381751
54.300000 -3.896980 2.409558 3.000000 8.394317
54.400000 -3.918720 2.399132 3.000000 8.406883
54.500000 -3.940500 2.388657 3.000000 8.419450
54.600000 -3.962320 2.378133 3.000000 8.432016
54.700000 -3.984180 2.367560 3.000000 8.444582
54.800000 -4.006080 2.356939 3.000000 8.457149
54.900000 -4.028020 2.346270 3.000000 8.469715
55.000000 -4.050000 2.335553 3.000000 8.482281
55.100000 -4.072020 2.324789 3.000000 8.494848
55.200000 -4.094080 2.313978 3.000000 8.507414
55.300000 -4.116180 2.303120 3.000000 8.519980
55.400000 -4.138320 2.292216 3.000000 8.532547
55.500000 -4.160500 2.281266 3.000000 8.545113
55.600000 -4.182720 2.270270 3.000000 8.557679
55.700000 -4.204980 2.259229 3.000000 8.570246
55.800000 -4.227280 2.248142 3.000000 8.582812
55.900000 -4.249620 2.237011 3.000000 8.595378
56.000000 -4.272000 2.225835 3.000000 8.607945
56.100000 -4.294420 2.214615 3.000000 8.620511
56.200000 -4.316880 2.203352 3.000000 8.633077
56.300000 -4.339380 2.192045 3.000000 8.645644
56.400000 -4.361920 2.180695 3.000000 8.658210
56.500000 -4.384500 2.169302 3.000000 8.670776
56.600000 -4.407120 2.157866 3.000000 8.683343
56.700000 -4.429780 2.146389 3.000000 8.695909
56.800000 -4.452480 2.134870 3.000000 8.708475
56.900000 -4.475220 2.123309 3.000000 8.721042
57.000000 -4.498000 2.111708 3.000000 8.733608
57.100000 -4.520820 2.100066 3.000000 8.746174
57.200000 -4.543680 2.088383 3.000000 8.758741
57.300000 -4.566580 2.076661 3.000000 8.771307
57.400000 -4.589520 2.064899 3.000000 8.783873
57.500000 -4.612500 2.053098 3.000000 8.796440
57.600000 -4.635520 2.041258 3.000000 8.809006
57.700000 -4.658580 2.029380 3.000000 8.821572
57.800000 -4.681680 2.017464 3.000000 8.834139
57.900000 -4.704820 2.005510 3.000000 8.846705
58.000000 -4.728000 1.993519 3.000000 8.859271
58.100000 -4.751220 1.981491 3.000000 8.871838
58.200000 -4.774480 1.969427 3.000000 8.884404
58.300000 -4.797780 1.957327 3.000000 8.896970
58.400000 -4.821120 1.945191 3.000000 8.909537
58.500000 -4.844500 1.933020 3.000000 8.922103
58.600000 -4.867920 1.920814 3.000000 8.934669
58.700000 -4.891380 1.908574 3.000000 8.947236
58.800000 -4.914880 1.896300 3.000000 8.959802
58.900000 -4.938420 1.883992 3.000000 8.972368
59.000000 -4.962000 1.871651 3.000000 8.984935
59.100000 -4.985620 1.859277 3.000000 8.997501
59.200000 -5.009280 1.846871 3.000000 9.010067
59.300000 -5.032980 1.834433 3.000000 9.022634
59.400000 -5.056720 1.821964 3.000000 9.035200
59.500000 -5.080500 1.809464 3.000000 9.047766
59.600000 -5.104320 1.796933 3.000000 9.060333
59.700000 -5.128180 1.784372 3.000000 9.072899
59.800000 -5.152080 1.771782 3.000000 9.085465
59.900000 -5.176020 1.759162 3.000000 9.098032
60.000000 -5.200000 1.746514 3.000000 9.110598
60.100000 -5.224020 1.733838 3.000000 9.123164
60.200000 -5.248080 1.721134 3.000000 9.135731
60.300000 -5.272180 1.708403 3.000000 9.148297
60.400000 -5.296320 1.695645 3.000000 9.160863
60.500000 -5.320500 1.682861 3.000000 9.173430
60.600000 -5.344720 1.670051 3.000000 9.185996
60.700000 -5.368980 1.657216 3.000000 9.198562
60.800000 -5.393280 1.644356 3.000000 9.211129
60.900000 -5.417620 1.631472 3.000000 9.223695
61.000000 -5.442000 1.618564 3.000000 9.236261
61.100000 -5.466420 1.605632 3.000000 9.248828
61.200000 -5.490880 1.592678 3.000000 9.261394
61.300000 -5.515380 1.579701 3.000000 9.273960
61.400000 -5.539920 1.566703 3.000000 9.286527
61.500000 -5.564500 1.553683 3.000000 9.299093
61.600000 -5.589120 1.540642 3.000000 9.311659
61.700000 -5.613780 1.527581 3.000000 9.324226
61.800000 -5.638480 1.514500 3.000000 9.336792
61.900000 -5.663220 1.501400 3.000000 9.349358
62.000000 -5.688000 1.488281 3.000000 9.361925
62.100000 -5.712820 1.475144 3.000000 9.374491
62.200000 -5.737680 1.461989 3.000000 9.387057
62.300000 -5.762580 1.448817 3.000000 9.399624
62.400000 -5.787520 1.435628 3.000000 9.412190
62.500000 -5.812500 1.422423 3.000000 9.424756
62.600000 -5.837520 1.409202 3.000000 9.437323
62.700000 -5.862580 1.395966 3.000000 9.449889
62.800000 -5.887680 1.382716 3.000000 9.462455
62.900000 -5.912820 1.369452 3.000000 9.475022
63.000000 -5.938000 1.356174 3.000000 9.487588
63.100000 -5.963220 1.342884 3.000000 9.500154
63.200000 -5.988480 1.329581 3.000000 9.512721
63.300000 -6.013780 1.316266 3.000000 9.525287
63.400000 -6.039120 1.302940 3.000000 9.537853
63.500000 -6.064500 1.289603 3.000000 9.550420
63.600000 -6.089920 1.276256 3.000000 9.562986
63.700000 -6.115380 1.262899 3.000000 9.575552
63.800000 -6.140880 1.249533 3.000000 9.588119
63.900000 -6.166420 1.236158 3.000000 9.600685
64.000000 -6.192000 1.222775 3.000000 9.613251
64.100000 -6.217620 1.209385 3.000000 9.625818
64.200000 -6.243280 1.195987 3.000000 9.638384
64.300000 -6.268980 1.182582 3.000000 9.650950
64.400000 -6.294720 1.169172 3.000000 9.663517
64.500000 -6.320500 1.155756 3.000000 9.676083
64.600000 -6.346320 1.142335 3.000000 9.688649
64.700000 -6.372180 1.128909 3.000000 9.701216
64.800000 -6.398080 1.115480 3.000000 9.713782
64.900000 -6.424020 1.102047 3.000000 9.726348
65.000000 -6.450000 1.088611 3.000000 9.738915
65.100000 -6.476020 1.075173 3.000000 9.751481
65.200000 -6.502080 1.061733 3.000000 9.764047
65.300000 -6.528180 1.048292 3.000000 9.776614
65.400000 -6.554320 1.034850 3.000000 9.789180
65.500000 -6.580500 1.021408 3.000000 9.801746
65.600000 -6.606720 1.007966 3.000000 9.814313
65.700000 -6.632980 0.994525 3.000000 9.826879
65.800000 -6.659280 0.981085 3.000000 9.839445
65.900000 -6.685620 0.967647 3.000000 9.852012
66.000000 -6.712000 0.954212 3.000000 9.864578
66.100000 -6.738420 0.940780 3.000000 9.877144
66.200000 -6.764880 0.927352 3.000000 9.889711
66.300000 -6.791380 0.913928 3.000000 9.902277
66.400000 -6.817920 0.900508 3.000000 9.914843
66.500000 -6.844500 0.887094 3.000000 9.927410
66.600000 -6.871120 0.873686 3.000000 9.939976
66.700000 -6.897780 0.860284 3.000000 9.952542
66.800000 -6.924480 0.846889 3.000000 9.965109
66.900000 -6.951220 0.833502 3.000000 9.977675
67.000000 -6.978000 0.820123 3.000000 9.990241
67.100000 -7.004820 0.806752 3.000000 10.002808
67.200000 -7.031680 0.793391 3.000000 10.015374
67.300000 -7.058580 0.780039 3.000000 10.027940
67.400000 -7.085520 0.766698 3.000000 10.040507
67.500000 -7.112500 0.753367 3.000000 10.053073
67.600000 -7.139520 0.740048 3.000000 10.065639
67.700000 -7.166580 0.726741 3.000000 10.078206
67.800000 -7.193680 0.713446 3.000000 10.090772
67.900000 -7.220820 0.700164 3.000000 10.103338
68.000000 -7.248000 0.686896 3.000000 10.115905
68.100000 -7.275220 0.673642 3.000000 10.128471
68.200000 -7.302480 0.660402 3.000000 10.141037
68.300000 -7.329780 0.647178 3.000000 10.153604
68.400000 -7.357120 0.633969 3.000000 10.166170
68.500000 -7.384500 0.620777 3.000000 10.178736
68.600000 -7.411920 0.607601 3.000000 10.191303
68.700000 -7.439380 0.594442 3.000000 10.203869
68.800000 -7.466880 0.581301 3.000000 10.216435
68.900000 -7.494420 0.568178 3.000000 10.229002
69.000000 -7.522000 0.555074 3.000000 10.241568
69.100000 -7.549620 0.541990 3.000000 10.254134
69.200000 -7.577280 0.528925 3.000000 10.266701
69.300000 -7.604980 0.515881 3.000000 10.279267
69.400000 -7.632720 0.502857 3.000000 10.291833
69.500000 -7.660500 0.489855 3.000000 10.304400
69.600000 -7.688320 0.476875 3.000000 10.316966
69.700000 -7.716180 0.463917 3.000000 10.329532
69.800000 -7.744080 0.450982 3.000000 10.342099
69.900000 -7.772020 0.438071 3.000000 10.354665
70.000000 -7.800000 0.425183 3.000000 10.367231
70.100000 -7.828020 0.412320 3.000000 10.379798
70.200000 -7.856080 0.399481 3.000000 10.392364
70.300000 -7.884180 0.386668 3.000000 10.404930
70.400000 -7.912320 0.373880 3.000000 10.417497
70.500000 -7.940500 0.361119 3.000000 10.430063
70.600000 -7.968720 0.348384 3.000000 10.442629
70.700000 -7.996980 0.335677 3.000000 10.455196
70.800000 -8.025280 0.322997 3.000000 10.467762
70.900000 -8.053620 0.310345 3.000000 10.480328
71.000000 -8.082000 0.297722 3.000000 10.492895
71.100000 -8.110420 0.285128 3.000000 10.505461
71.200000 -8.138880 0.272563 3.000000 10.518027
71.300000 -8.167380 0.260028 3.000000 10.530594
71.400000 -8.195920 0.247523 3.000000 10.543160
71.500000 -8.224500 0.235049 3.000000 10.555726
71.600000 -8.253120 0.222606 3.000000 10.568293
71.700000 -8.281780 0.210195 3.000000 10.580859
71.800000 -8.310480 0.197816 3.000000 10.593425
71.900000 -8.339220 0.185469 3.000000 10.605992
72.000000 -8.368000 0.173155 3.000000 10.618558
72.100000 -8.396820 0.160874 3.000000 10.631124
72.200000 -8.425680 0.148627 3.000000 10.643691
72.300000 -8.454580 0.136414 3.000000 10.656257
72.400000 -8.483520 0.124235 3.000000 10.668823
72.500000 -8.512500 0.112091 3.000000 10.681390
72.600000 -8.541520 0.099982 3.000000 10.693956
72.700000 -8.570580 0.087909 3.000000 10.706522
72.800000 -8.599680 0.075871 3.000000 10.719089
72.900000 -8.628820 0.063870 3.000000 10.731655
73.000000 -8.658000 0.051905 3.000000 10.744221
73.100000 -8.687220 0.039978 3.000000 10.756788
73.200000 -8.716480 0.028088 3.000000 10.769354
73.300000 -8.745780 0.016236 3.000000 10.781920
73.400000 -8.775120 0.004422 3.000000 10.794487
73.500000 -8.804500 -0.007353 3.000000 10.807053
73.600000 -8.833920 -0.019089 3.000000 10.819619
73.700000 -8.863380 -0.030785 3.000000 10.832186
73.800000 -8.892880 -0.042441 3.000000 10.844752
73.900000 -8.922420 -0.054057 3.000000 10.857318
74.000000 -8.952000 -0.065632 3.000000 10.869885
74.100000 -8.981620 -0.077166 3.000000 10.882451
74.200000 -9.011280 -0.088658 3.000000 10.895017
74.300000 -9.040980 -0.100109 3.000000 10.907584
74.400000 -9.070720 -0.111517 3.000000 10.920150
74.500000 -9.100500 -0.122883 3.000000 10.932716
74.600000 -9.130320 -0.134206 3.000000 10.945283
74.700000 -9.160180 -0.145486 3.000000 10.957849
74.800000 -9.190080 -0.156722 3.000000 10.970415
74.900000 -9.220020 -0.167915 3.000000 10.982982
75.000000 -9.250000 -0.179064 3.000000 10.995548
75.100000 -9.280020 -0.190168 3.000000 11.008114
75.200000 -9.310080 -0.201228 3.000000 11.020681
75.300000 -9.340180 -0.212243 3.000000 11.033247
75.400000 -9.370320 -0.223213 3.000000 11.045813
75.500000 -9.400500 -0.234137 3.000000 11.058380
75.600000 -9.430720 -0.245016 3.000000 11.070946
75.700000 -9.460980 -0.255848 3.000000 11.083512
75.800000 -9.491280 -0.266634 3.000000 11.096079
75.900000 -9.521620 -0.277374 3.000000 11.108645
76.000000 -9.552000 -0.288067 3.000000 11.121211
76.100000 -9.582420 -0.298713 3.000000 11.133778
76.200000 -9.612880 -0.309311 3.000000 11.146344
76.300000 -9.643380 -0.319862 3.000000 11.158910
76.400000 -9.673920 -0.330365 3.000000 11.171477
76.500000 -9.704500 -0.340820 3.000000 11.184043
76.600000 -9.735120 -0.351227 3.000000 11.196609
76.700000 -9.765780 -0.361585 3.000000 11.209176
76.800000 -9.796480 -0.371895 3.000000 11.221742
76.900000 -9.827220 -0.382155 3.000000 11.234308
77.000000 -9.858000 -0.392367 3.000000 11.246875
77.100000 -9.888820 -0.402529 3.000000 11.259441
77.200000 -9.919680 -0.412641 3.000000 11.272007
77.300000 -9.950580 -0.422703 3.000000 11.284574
77.400000 -9.981520 -0.432716 3.000000 11.297140
77.500000 -10.012500 -0.442678 3.000000 11.309706
77.600000 -10.043520 -0.452589 3.000000 11.322273
77.700000 -10.074580 -0.462450 3.000000 11.334839
77.800000 -10.105680 -0.472259 3.000000 11.347405
77.900000 -10.136820 -0.482018 3.000000 11.359972
78.000000 -10.168000 -0.491725 3.000000 11.372538
78.100000 -10.199220 -0.501380 3.000000 11.385104
78.200000 -10.230480 -0.510984 3.000000 11.397671
78.300000 -10.261780 -0.520536 3.000000 11.410237
78.400000 -10.293120 -0.530035 3.000000 11.422803
78.500000 -10.324500 -0.539482 3.000000 11.435370
78.600000 -10.355920 -0.548877 3.000000 11.447936
78.700000 -10.387380 -0.558219 3.000000 11.460502
78.800000 -10.418880 -0.567508 3.000000 11.473069
78.900000 -10.450420 -0.576744 3.000000 11.485635
79.000000 -10.482000 -0.585926 3.000000 11.498201
79.100000 -10.513620 -0.595055 3.000000 11.510768
79.200000 -10.545280 -0.604130 3.000000 11.523334
79.300000 -10.576980 -0.613152 3.000000 11.535900
79.400000 -10.608720 -0.622119 3.000000 11.548467
79.500000 -10.640500 -0.631032 3.000000 11.561033
79.600000 -10.672320 -0.639890 3.000000 11.573599
79.700000 -10.704180 -0.648694 3.000000 11.586166
79.800000 -10.736080 -0.657443 3.000000 11.598732
79.900000 -10.768020 -0.666137 3.000000 11.611298
80.000000 -10.800000 -0.674776 3.000000 11.623865
80.100000 -10.832020 -0.683360 3.000000 11.636431
80.200000 -10.864080 -0.691888 3.000000 11.648997
80.300000 -10.896180 -0.700361 3.000000 11.661564
80.400000 -10.928320 -0.708778 3.000000 11.674130
80.500000 -10.960500 -0.717139 3.000000 11.686696
80.600000 -10.992720 -0.725444 3.000000 11.699263
80.700000 -11.024980 -0.733693 3.000000 11.711829
80.800000 -11.057280 -0.741885 3.000000 11.724395
80.900000 -11.089620 -0.750021 3.000000 11.736962
81.000000 -11.122000 -0.758100 3.000000 11.749528
81.100000 -11.154420 -0.766122 3.000000 11.762094
81.200000 -11.186880 -0.774087 3.000000 11.774661
81.300000 -11.219380 -0.781995 3.000000 11.787227
81.400000 -11.251920 -0.789846 3.000000 11.799793
81.500000 -11.284500 -0.797639 3.000000 11.812360
81.600000 -11.317120 -0.805375 3.000000 11.824926
81.700000 -11.349780 -0.813053 3.000000 11.837492
81.800000 -11.382480 -0.820673 3.000000 11.850059
81.900000 -11.415220 -0.828235 3.000000 11.862625
82.000000 -11.448000 -0.835739 3.000000 11.875191
82.100000 -11.480820 -0.843185 3.000000 11.887758
82.200000 -11.513680 -0.850572 3.000000 11.900324
82.300000 -11.546580 -0.857901 3.000000 11.912890
82.400000 -11.579520 -0.865171 3.000000 11.925457
82.500000 -11.612500 -0.872382 3.000000 11.938023
82.600000 -11.645520 -0.879535 3.000000 11.950589
82.700000 -11.678580 -0.886628 3.000000 11.963156
82.800000 -11.711680 -0.893662 3.000000 11.975722
82.900000 -11.744820 -0.900637 3.000000 11.988288
83.000000 -11.778000 -0.907552 3.000000 12.000855
83.100000 -11.811220 -0.914408 3.000000 12.013421
83.200000 -11.844480 -0.921204 3.000000 12.025987
83.300000 -11.877780 -0.927941 3.000000 12.038554
83.400000 -11.911120 -0.934617 3.000000 12.051120
83.500000 -11.944500 -0.941234 3.000000 12.063686
83.600000 -11.977920 -0.947790 3.000000 12.076253
83.700000 -12.011380 -0.954286 3.000000 12.088819
83.800000 -12.044880 -0.960722 3.000000 12.101385
83.900000 -12.078420 -0.967097 3.000000 12.113952
84.000000 -12.112000 -0.973412 3.000000 12.126518
84.100000 -12.145620 -0.979666 3.000000 12.139084
84.200000 -12.179280 -0.985859 3.000000 12.151651
84.300000 -12.212980 -0.991991 3.000000 12.164217
84.400000 -12.246720 -0.998062 3.000000 12.176783
84.500000 -12.280500 -1.004072 3.000000 12.189350
84.600000 -12.314320 -1.010021 3.000000 12.201916
84.700000 -12.348180 -1.015909 3.000000 12.214482
84.800000 -12.382080 -1.021735 3.000000 12.227049
84.900000 -12.416020 -1.027500 3.000000 12.239615
85.000000 -12.450000 -1.033203 3.000000 12.252181
85.100000 -12.484020 -1.038845 3.000000 12.264748
85.200000 -12.518080 -1.044425 3.000000 12.277314
85.300000 -12.552180 -1.049943 3.000000 12.289880
85.400000 -12.586320 -1.055400 3.000000 12.302447
85.500000 -12.620500 -1.060794 3.000000 12.315013
85.600000 -12.654720 -1.066127 3.000000 12.327579
85.700000 -12.688980 -1.071397 3.000000 12.340146
85.800000 -12.723280 -1.076606 3.000000 12.352712
85.900000 -12.757620 -1.081752 3.000000 12.365278
86.000000 -12.792000 -1.086836 3.000000 12.377845
86.100000 -12.826420 -1.091857 3.000000 12.390411
86.200000 -12.860880 -1.096816 3.000000 12.402977
86.300000 -12.895380 -1.101713 3.000000 12.415544
86.400000 -12.929920 -1.106547 3.000000 12.428110
86.500000 -12.964500 -1.111318 3.000000 12.440676
86.600000 -12.999120 -1.116027 3.000000 12.453243
86.700000 -13.033780 -1.120673 3.000000 12.465809
86.800000 -13.068480 -1.125256 3.000000 12.478375
86.900000 -13.103220 -1.129776 3.000000 12.490942
87.000000 -13.138000 -1.134233 3.000000 12.503508
87.100000 -13.172820 -1.138627 3.000000 12.516074
87.200000 -13.207680 -1.142958 3.000000 12.528641
87.300000 -13.242580 -1.147226 3.000000 12.541207
87.400000 -13.277520 -1.151431 3.000000 12.553773
87.500000 -13.312500 -1.155572 3.000000 12.566340
87.600000 -13.347520 -1.159650 3.000000 12.578906
87.700000 -13.382580 -1.163665 3.000000 12.591472
87.800000 -13.417680 -1.167616 3.000000 12.604039
87.900000 -13.452820 -1.171504 3.000000 12.616605
88.000000 -13.488000 -1.175328 3.000000 12.629171
88.100000 -13.523220 -1.179089 3.000000 12.641738
88.200000 -13.558480 -1.182786 3.000000 12.654304
88.300000 -13.593780 -1.186419 3.000000 12.666870
88.400000 -13.629120 -1.189988 3.000000 12.679437
88.500000 -13.664500 -1.193494 3.000000 12.692003
88.600000 -13.699920 -1.196935 3.000000 12.704569
88.700000 -13.735380 -1.200313 3.000000 12.717136
88.800000 -13.770880 -1.203627 3.000000 12.729702
88.900000 -13.806420 -1.206877 3.000000 12.742268
89.000000 -13.842000 -1.210063 3.000000 12.754835
89.100000 -13.877620 -1.213184 3.000000 12.767401
89.200000 -13.913280 -1.216242 3.000000 12.779967
89.300000 -13.948980 -1.219235 3.000000 12.792534
89.400000 -13.984720 -1.222164 3.000000 12.805100
89.500000 -14.020500 -1.225029 3.000000 12.817666
89.600000 -14.056320 -1.227830 3.000000 12.830233
89.700000 -14.092180 -1.230566 3.000000 12.842799
89.800000 -14.128080 -1.233238 3.000000 12.855365
89.900000 -14.164020 -1.235846 3.000000 12.867932
90.000000 -14.200000 -1.238389 3.000000 12.880498
90.100000 -14.236020 -1.240868 3.000000 12.893064
90.200000 -14.272080 -1.243282 3.000000 12.905631
90.300000 -14.308180 -1.245632 3.000000 12.918197
90.400000 -14.344320 -1.247917 3.000000 12.930763
90.500000 -14.380500 -1.250138 3.000000 12.943330
90.600000 -14.416720 -1.252294 3.000000 12.955896
90.700000 -14.452980 -1.254385 3.000000 12.968462
90.800000 -14.489280 -1.256412 3.000000 12.981029
90.900000 -14.525620 -1.258374 3.000000 12.993595
91.000000 -14.562000 -1.260271 3.000000 13.006161
91.100000 -14.598420 -1.262104 3.000000 13.018728
91.200000 -14.634880 -1.263872 3.000000 13.031294
91.300000 -14.671380 -1.265575 3.000000 13.043860
91.400000 -14.707920 -1.267213 3.000000 13.056427
91.500000 -14.744500 -1.268787 3.000000 13.068993
91.600000 -14.781120 -1.270296 3.000000 13.081559
91.700000 -14.817780 -1.271740 3.000000 13.094126
91.800000 -14.854480 -1.273119 3.000000 13.106692
91.900000 -14.891220 -1.274433 3.000000 13.119258
92.000000 -14.928000 -1.275682 3.000000 13.131825
92.100000 -14.964820 -1.276867 3.000000 13.144391
92.200000 -15.001680 -1.277986 3.000000 13.156957
92.300000 -15.038580 -1.279041 3.000000 13.169524
92.400000 -15.075520 -1.280031 3.000000 13.182090
92.500000 -15.112500 -1.280956 3.000000 13.194656
92.600000 -15.149520 -1.281816 3.000000 13.207223
92.700000 -15.186580 -1.282611 3.000000 13.219789
92.800000 -15.223680 -1.283341 3.000000 13.232355
92.900000 -15.260820 -1.284006 3.000000 13.244922
93.000000 -15.298000 -1.284606 3.000000 13.257488
93.100000 -15.335220 -1.285141 3.000000 13.270054
93.200000 -15.372480 -1.285611 3.000000 13.282621
93.300000 -15.409780 -1.286016 3.000000 13.295187
93.400000 -15.447120 -1.286356 3.000000 13.307753
93.500000 -15.484500 -1.286632 3.000000 13.320320
93.600000 -15.521920 -1.286842 3.000000 13.332886
93.700000 -15.559380 -1.286987 3.000000 13.345452
93.800000 -15.596880 -1.287068 3.000000 13.358019
93.900000 -15.634420 -1.287083 3.000000 13.370585
94.000000 -15.672000 -1.287034 3.000000 13.383151
94.100000 -15.709620 -1.286920 3.000000 13.395718
94.200000 -15.747280 -1.286741 3.000000 13.408284
94.300000 -15.784980 -1.286497 3.000000 13.420850
94.400000 -15.822720 -1.286188 3.000000 13.433417
94.500000 -15.860500 -1.285815 3.000000 13.445983
94.600000 -15.898320 -1.285377 3.000000 13.458549
94.700000 -15.936180 -1.284874 3.000000 13.471116
94.800000 -15.974080 -1.284306 3.000000 13.483682
94.900000 -16.012020 -1.283674 3.000000 13.496248
95.000000 -16.050000 -1.282977 3.000000 13.508815
95.100000 -16.088020 -1.282216 3.000000 13.521381
95.200000 -16.126080 -1.281390 3.000000 13.533947
95.300000 -16.164180 -1.280500 3.000000 13.546514
95.400000 -16.202320 -1.279545 3.000000 13.559080
95.500000 -16.240500 -1.278526 3.000000 13.571646
95.600000 -16.278720 -1.277442 3.000000 13.584213
95.700000 -16.316980 -1.276294 3.000000 13.596779
95.800000 -16.355280 -1.275082 3.000000 13.609345
95.900000 -16.393620 -1.273806 3.000000 13.621912
96.000000 -16.432000 -1.272466 3.000000 13.634478
96.100000 -16.470420 -1.271062 3.000000 13.647044
96.200000 -16.508880 -1.269594 3.000000 13.659611
96.300000 -16.547380 -1.268062 3.000000 13.672177
96.400000 -16.585920 -1.266466 3.000000 13.684743
96.500000 -16.624500 -1.264806 3.000000 13.697310
96.600000 -16.663120 -1.263083 3.000000 13.709876
96.700000 -16.701780 -1.261296 3.000000 13.722442
96.800000 -16.740480 -1.259446 3.000000 13.735009
96.900000 -16.779220 -1.257532 3.000000 13.747575
97.000000 -16.818000 -1.255555 3.000000 13.760141
97.100000 -16.856820 -1.253515 3.000000 13.772708
97.200000 -16.895680 -1.251412 3.000000 13.785274
97.300000 -16.934580 -1.249246 3.000000 13.797840
97.400000 -16.973520 -1.247017 3.000000 13.810407
97.500000 -17.012500 -1.244725 3.000000 13.822973
97.600000 -17.051520 -1.242370 3.000000 13.835539
97.700000 -17.090580 -1.239953 3.000000 13.848106
97.800000 -17.129680 -1.237474 3.000000 13.860672
97.900000 -17.168820 -1.234932 3.000000 13.873238
98.000000 -17.208000 -1.232328 3.000000 13.885805
98.100000 -17.247220 -1.229662 3.000000 13.898371
98.200000 -17.286480 -1.226934 3.000000 13.910937
98.300000 -17.325780 -1.224144 3.000000 13.923504
98.400000 -17.365120 -1.221293 3.000000 13.936070
98.500000 -17.404500 -1.218380 3.000000 13.948636
98.600000 -17.443920 -1.215406 3.000000 13.961203
98.700000 -17.483380 -1.212370 3.000000 13.973769
98.800000 -17.522880 -1.209274 3.000000 13.986335
98.900000 -17.562420 -1.206116 3.000000 13.998902
99.000000 -17.602000 -1.202898 3.000000 14.011468
99.100000 -17.641620 -1.199619 3.000000 14.024034
99.200000 -17.681280 -1.196280 3.000000 14.036601
99.300000 -17.720980 -1.192880 3.000000 14.049167
99.400000 -17.760720 -1.189420 3.000000 14.061733
99.500000 -17.800500 -1.185900 3.000000 14.074300
99.600000 -17.840320 -1.182320 3.000000 14.086866
99.700000 -17.880180 -1.178680 3.000000 14.099432
99.800000 -17.920080 -1.174981 3.000000 14.111999
99.900000 -17.960020 -1.171222 3.000000 14.124565
100.000000 -18.000000 -1.167405 3.000000 14.137131
